500 arboles- con nuevas variables 
Accuracy = 0.8995192307692308
Sensibility = 0.8672313501377692
Specificity = 0.9282792473411509
AUC = 0.9547547603011792

100 arboles- nuevas variables
Accuracy = 0.8965384615384615
Sensibility = 0.8637616083273804
Specificity = 0.92573402417962
AUC = 0.9536669884420511

100 arboles- mezcla de variables
Accuracy = 0.895625
Sensibility = 0.8641698132462496
Specificity = 0.9236433051540769
AUC = 0.9513809750329407


100 arboles - viejas variables
Accuracy = 0.8946634615384615
Sensibility = 0.8627410960302072
Specificity = 0.9230979001908918
AUC = 0.9506047187037769